0
0000000000
0011111000
0010000100
0010000100
0010000100
0010000100
0010000100
0010001100
0001111000
0000000000
1
0000000000
0000100000
0000100000
0001100000
0000100000
0000100000
0000100000
0000100000
0000100000
0000000000
2
0000000000
0011100000
0000010000
0000001000
0000001000
0000010000
0000100000
0001000000
0011111000
0000000000
3
0000000000
0001111000
0001001000
0000001000
0000011000
0001111000
0000001000
0001001000
0001111000
0000000000
4
0000000000
0001000100
0001000100
0001000100
0001000100
0011111100
0000000100
0000000100
0000000100
0000000000
5
0000000000
0001111100
0001000000
0001110000
0000010000
0000001000
0000001000
0001001000
0000111000
0000000000
6
0000000000
0000000000
0010000000
0111010000
0111110000
0000111100
0000111000
0000001110
0000000110
0000000000